54
-3 98807 532799
-3 143047 154525
-2 57893 139005
-3 15628 799598
-3 113190 78404
-2 8310 210071
-3 65064 552433
-3 11637 289260
-3 25326 614730
-3 26483 694640
-3 96471 570811
-1 140919 159915
-3 24469 310887
-3 1995 508349
-3 119166 127801
-3 105346 217501
-3 93013 729173
-1 29289 804542
-1 160746 838398
-3 6157 712228
-3 13188 802883
-2 41851 423987
-2 24835 781931
-2 14505 677469
-3 83165 75851
-1 17549 121276
-2 170161 266807
-1 87087 104162
-3 116950 129867
-2 36258 81228
-3 164254 150512
-3 94306 544546
-2 133813 572088
-3 163930 837622
-2 23551 775187
-3 166949 385349
-2 84614 615319
-3 170309 380309
-2 94586 435061
-3 53313 796673
-1 60589 522564
-2 48532 377367
-1 145678 738342
-3 41601 527293
-3 73188 718047
-2 18520 592640
-3 134908 834052
-2 16119 534236
-1 26337 419897
-2 143379 507190
-2 38508 639051
-2 65997 500938
-2 84769 734183
-2 119659 483499
